#==================================================
#   num_nodes   num_links (one-direction)
#==================================================

21  36

#==================================================
#   source  dest.   length	(km)
#==================================================

0   2   140
0   3   110
0   5   210
1   2   95
1   6   90
2   3   110
2   6   90
3   4   90
3   7   95
4   5   85
4   7   95
6   7   130
6   8   120
6   9   150
7   9   55
7   10  200
8   9   60
8   12  180
9   11  110
9   12  180
10  13  130
11  12  120
11  13  170
12  14  400
12  15  180
13  15  200
13  16  270
14  18  400
15  16  210
15  17  90
15  18  310
15  20  350
16  17  100
17  19  200
18  20  150
19  20  210

#==================================================
#                   ROUTES
#--------------------------------------------------
#   source	dest.	hops	path	(link	ids)
#==================================================